0.002067214714208412,0.9950386602252881,0.002893365528412525,7.595321018030893e-7
0.015792254801658925,0.981398463697646,0.002808543242587087,7.382581014451844e-7
0.0293291399913143,0.9679439347832091,0.002726207645480439,7.175799720059064e-7
0.04268043168117062,0.9546725850024946,0.0026462858354274425,6.974810235284163e-7
0.05584865693106017,0.9415819580758195,0.002568707048025625,6.779450335299875e-7
0.06883630890724066,0.9286696295428241,0.0024934025934764564,6.589562339103799e-7
0.08164584732168995,0.9159332063834602,0.0024203057957597955,6.40499298222379e-7
0.09427969886611606,0.9033703266411149,0.0023493519336031674,6.22559329302822e-7
0.10674025764088568,0.8909786590539566,0.0022804781831689156,6.051218472489672e-7
0.11902988557877321,0.8787559026857472,0.0022136235624212117,5.881727777307787e-7
0.1311509128635514,0.8666997865604029,0.0021487288771449287,5.716984406301301e-7
0.1431056383437205,0.854808069302579,0.0020857366685085414,5.556855390009271e-7
0.15489632994080238,0.8430785387761923,0.0020245911622106027,5.401211483352361e-7
0.16652522505343692,0.8315090117341031,0.0019652382190787237,5.249927061325077e-7
0.1779945309561698,0.8200973334689412,0.0019076252871472888,5.10288001760406e-7
0.18930642519266716,0.808841377457018,0.0018517013551021448,4.959951665977491e-7
0.20046305596574937,0.7977390450241351,0.0017974169071252057,4.821026644545085e-7
0.21146654252142577,0.7867882650011363,0.0017447238790607486,4.685992822646475e-7
0.22231897552785823,0.7759869933815884,0.0016935756158410844,4.5547412103093413e-7
0.23302241745194902,0.7653332130004693,0.0016439268301876055,4.427165870295648e-7
0.24357890292822348,0.7548249331919696,0.0015957335624944636,4.303163832615153e-7
0.2539904391255815,0.7444601894694809,0.001548953141920591,4.1826350113871523e-7
0.2642590061076935,0.7342370431960556,0.0015035441486098166,4.0654821240828155e-7
0.27438655719058963,0.7241535812700388,0.0014594663769896621,3.9516106129811836e-7
0.2843750192962422,0.7142079158111854,0.001416680800220115,3.840928568870497e-7
0.29422629329711175,0.7043981838321264,0.0013751495355688128,3.7333466568582993e-7
0.30394225436362277,0.6947225469462445,0.0013348358109309278,3.628778044246352e-7
0.313524752301761,0.6851791910511567,0.0012957039322454857,3.5271383304988714e-7
0.3229756118882968,0.6757663260255904,0.0012577192518702322,3.428345479045149e-7
0.3322966332017089,0.6664821854289941,0.0012208481379390118,3.332319751132304e-7
0.3414895919496287,0.657325026207179,0.0011850579445646485,3.238983641432814e-7
0.35055623979119904,0.6482931283966757,0.0011503169829141708,3.1482618154746877e-7
0.35949830465740096,0.6393847948405113,0.0011165944932060158,3.0600810488770194e-7
0.3683174910615761,0.6305983508842508,0.0010838606174027542,2.9743701682280126e-7
0.37701548041425015,0.6219321441083475,0.001052086372824091,2.891059993615265e-7
0.38559393132745884,0.6133845440375048,0.0010212436264745626,2.810083282835776e-7
0.3940544799199981,0.6049539418711646,0.0009913050701084365,2.7313746770730395e-7
0.40239874011456145,0.5966387502016128,0.0009622441960974575,2.654870648186378e-7
0.4106283039325249,0.58843740274098,0.0009340352739032227,2.580509447406071e-7
0.41874474178822096,0.5803483540614853,0.0009066533273385721,2.508231055519628e-7
0.4267496027722826,0.5723700793157027,0.0008800741124383367,2.437977134392111e-7
0.4346444149422743,0.5645010739938403,0.0008542740959763746,2.369690979926926e-7
0.44243068559491505,0.5567398536392789,0.0008292304346668433,2.3033174762397445e-7
0.4501099015508171,0.5490849536150002,0.0008049209548931759,2.2388030512438664e-7
0.45768352942283863,0.5415349288352356,0.0007813241331076442,2.176095633351108e-7
0.4651530158873943,0.5340883535202124,0.0007584190767514424,2.115144609460567e-7
0.47251978795286165,0.5267438209484941,0.0007361855057813746,2.0559007841216713e-7
0.4797852532202116,0.5194999432128768,0.0007146037346986199,1.998316339812191e-7
0.48695080014100406,0.5123553509697732,0.0006936546550868597,1.9423447983493198e-7
0.49401779827662934,0.5053086932086877,0.0006733197187627595,1.887940983365882e-7
0.5009875985526453,0.49835863701852556,0.0006535809212903281,1.8350609838856383e-7
0.5078615335027701,0.4915038673407151,0.0006344207860764225,1.7836621187932464e-7
0.5146409175227726,0.48474308675513395,0.0006158223488740555,1.733702902503287e-7
0.5213270471055543,0.47807501523366813,0.0005977691427784062,1.6851430113800938e-7
0.5279212010887375,0.47149838993103566,0.0005802451836318067,1.6379432512385965e-7
0.5344246408864265,0.4650119649506606,0.0005632349558729584,1.5920655256838854e-7
0.5408386107250693,0.458614511128745,0.0005467233988256682,1.5474728054004556e-7
0.547164337875896,0.45230481581966814,0.0005306958933159253,1.5041290982268718e-7
0.5534030328786766,0.4460816826730348,0.000515138248768395,1.461999420093674e-7
0.5595558897722195,0.43994393143205074,0.000500036690626189,1.4210497668668017e-7
0.5656240863115403,0.43389039771453697,0.0004853778481496725,1.3812470868004464e-7
0.5716087841908306,0.42791993281282065,0.00047114874258577245,1.3425592539164344e-7
0.5775111292504076,0.42203140347277684,0.00045733677566799416,1.3049550420905806e-7
0.5833322517107817,0.41622369172745377,0.0004439297184886393,1.2684040997812333e-7
0.5890732663573277,0.41049569465242297,0.0004309157006219123,1.2328769256054362e-7
0.5947352727657684,0.40484632419891187,0.0004182831996560327,1.1983448444853417e-7
0.6003193555016477,0.3992745069891067,0.0004060210309745375,1.1647799844987084e-7
0.6058265843225228,0.393779184123334,0.00039411833785039886,1.1321552544201482e-7
0.6112580143807678,0.3883593109945729,0.0003825645818460198,1.100444321818749e-7
0.6166146864132157,0.3830138570891891,0.00037134953346402587,1.0696215918248323e-7
0.6218976269486487,0.37774180582093597,0.0003604632631117112,1.0396621864601974e-7
0.6271078484870716,0.3725421543285482,0.000349896132278587,1.0105419245528838e-7
0.632246349690754,0.3674139132977278,0.0003396387850397375,9.822373022608571e-8
0.6373141155848467,0.3623561068015417,0.0003296821397437118,9.547254740353659e-8
0.6423121177223641,0.35736777209642834,0.00032001738098555324,9.279842342238297e-8
0.6472413143797789,0.35244795946693874,0.0003106359517842535,9.019919991582185e-8
0.6521026507314538,0.34759573204635774,0.0003015295460366172,8.76727789693655e-8
0.6568970590309242,0.34281016565194594,0.00029269010112827916,8.521712143108566e-8
0.6616254587750425,0.3380903486033594,0.00028410979082441133,8.283024526465798e-8
0.6662887568917029,0.3334353815762837,0.00027578101831867775,8.051022394722478e-8
0.670887847902635,0.3288443774289429,0.00026769640952087933,7.825518491856582e-8
0.6754236140899027,0.32431646103871264,0.0002598488065143423,7.606330806723752e-8
0.6798969256628845,0.3198507691441215,0.0002522312612386284,7.393282426136149e-8
0.6843086409207305,0.3154464501860538,0.00024483702931656483,7.186201392118681e-8
0.6886596064235495,0.311102664163291,0.00023765956409323052,6.984920563274402e-8
0.6929506571352675,0.3068185824601105,0.00023069251083654652,6.789277479558023e-8
0.6971826165962813,0.3025933877122142,0.00022392970111455074,6.599114231459151e-8
0.7013562970668366,0.298426273643965,0.0002173651473279797,6.41427733230812e-8
0.7054724996876864,0.29431644492903414,0.00021099303741633978,6.234617594500861e-8
0.7095320146271874,0.2902631170418487,0.00020480772969780684,6.059990009169118e-8
0.7135356212344951,0.28626551611156376,0.00019880374789772907,5.89025362892423e-8
0.7174840881847176,0.2823228787873794,0.00019297577627554565,5.725271454287223e-8
0.7213781736109659,0.2784344520790302,0.00018731865492492696,5.564910323234624e-8
0.7252186252829852,0.2745994932548927,0.00018182737522411834,5.4090408031397e-8
0.7290061806943133,0.27081726965231545,0.00017649707536929386,5.257537086952062e-8
0.7327415672591656,0.26708705859845416,0.00017132303608857372,5.110276891338243e-8
0.7364255024112427,0.2634081472396157,0.0001663006764753823,4.9671413581051543e-8
0.7400586937506143,0.25977983242069425,0.00016142554989982943,4.828014958084967e-8
0.7436418391746689,0.25620142055282547,0.00015669334010505183,4.6927853980246816e-8
0.7471756270270749,0.2526722275001697,0.00015209985736017536,4.5613435300625555e-8
0.7506607361983892,0.2491915784270322,0.00014764103476118759,4.43358326341333e-8
0.7540978362818462,0.2457588076970997,0.00014331292464289305,4.309401478654163e-8
0.7574875876784426,0.24237325873136503,0.00013911169505225382,4.188697945044609e-8
0.7608306417482333,0.23903428390859754,0.00013503362639197936,4.071375238945199e-8
0.7641276408973674,0.23574124441492617,0.00013107510809336166,3.957338665492724e-8
0.7673792187409734,0.23249351015924236,0.00012723263544996654,3.846496182362449e-8
0.7705860001785589,0.22929045962000016,0.0001235028064876882,3.738758325108124e-8
0.7737486015642685,0.22613147977102654,0.00011988231897404282,3.634038135178678e-8
0.7768676307754536,0.2230159659292913,0.00011636796747738336,3.532251089728926e-8
0.7799436873550758,0.21994332166384717,0.00011295664054340276,3.4333150332514234e-8
0.7829773626243248,0.21691295868358815,0.00010964531792817661,3.3371501113039544e-8
0.7859692397745188,0.21392429671267343,0.0001064310679385033,3.2436787063814856e-8
0.7889198940150722,0.21097676340977656,0.00010331104481259436,3.152825374686772e-8
0.7918298926366756,0.20806979422781996,0.00010028248622875297,3.0645167857579346e-8
0.7946997951627733,0.20520283234018472,9.734271083642476e-5,2.9786816630422252e-8
0.7975301534167321,0.20237532850904086,9.448911589775451e-5,2.8952507262336658e-8
0.8003215116695196,0.19958674101253743,9.171917497337647e-5,2.814156635749908e-8
0.8030744066978497,0.19683653551237631,8.903043569174273e-5,2.735333938039825e-8
0.8057893679175703,0.19412418497544914,8.642051756958507e-5,2.6587190128215555e-8
0.8084669174759703,0.19144916956940908,8.388710991576255e-5,2.584250021810453e-8
0.8111075703459205,0.18881097656204252,8.14279697793545e-5,2.5118668589064234e-8
0.8137118344290881,0.18620910022873188,7.904091995742288e-5,2.4415111012431204e-8
0.8162802106602614,0.18364304176240487,7.672384708207417e-5,2.373125962678463e-8
0.8188131930689394,0.18111230915912124,7.447469973276799e-5,2.306656247395697e-8
0.8213112689249277,0.17861641715781984,7.229148663462213e-5,2.2420483055752552e-8
0.8237749187973323,0.1761548871281607,7.017227488778504e-5,2.1792499901949228e-8
0.8262046166437857,0.17372724697966627,6.811518825429449e-5,2.118210614827889e-8
0.828600829917344,0.17133303108302583,6.61184055004429e-5,2.0588809126669676e-8
0.8309640196468162,0.16897178017738856,6.418015878771472e-5,2.0012129968989408e-8
0.8332946405300614,0.16664304128715907,6.229873209767813e-5,1.9451603219570723e-8
0.8355931410028172,0.16434636762686022,6.047245972197865e-5,1.890677646008032e-8
0.8378599633593533,0.16208131853676033,5.869972478393255e-5,1.8377209943676184e-8
0.8400955437985258,0.15984745937862496,5.6978957804471703e-5,1.786247624120228e-8
0.8423003125366233,0.15764436147024297,5.5308635318040736e-5,1.736215989497162e-8
0.8444746938557044,0.15547160198664292,5.36872785198607e-5,1.687585708449034e-8
0.8466191062348476,0.1533287639071012,5.2113451957809164e-5,1.6403175299488474e-8
0.8487339623825879,0.15121543591144454,5.05857622590828e-5,1.594373302390154e-8
0.8508196693286005,0.14913121230963097,4.9102856901818686e-5,1.5497159428080675e-8
0.852876628529576,0.1470756929793438,4.766342301224343e-5,1.506309406780672e-8
0.8549052358995506,0.1450484832671629,4.626618620606853e-5,1.46411865963111e-8
0.8569058819228486,0.14304919393283405,4.490990945852166e-5,1.4231096478861187e-8
0.8588789517059592,0.14107744106455578,4.3593392006300055e-5,1.3832492718957465e-8
0.8608248250711041,0.1391328460161413,4.231546829071487e-5,1.3445053590951365e-8
0.8627438765988722,0.1372150353212987,4.107500692140073e-5,1.3068466381444916e-8
0.8646364757399003,0.13532364064193453,3.987090967551219e-5,1.2702427134578319e-8
0.8665029868546572,0.13345829868399894,3.870211052489853e-5,1.234664040909178e-8
0.8683437692887666,0.13161865113160157,3.756757469322527e-5,1.200081903856597e-8
0.8701591774499724,0.1298043445829714,3.6466297739146285e-5,1.1664683899665815e-8
0.8719495608711698,0.12801503048141416,3.539730466876643e-5,1.1337963687428766e-8
0.873715264280656,0.12625036505079984,3.435964906698417e-5,1.1020394695917186e-8
0.8754566276484255,0.12451000922211969,3.335241226737809e-5,1.0711720605541498e-8
0.8771739862913108,0.12279362858641055,3.237470253335468e-5,1.0411692275644796e-8
0.8788676709022865,0.12110089331645077,3.1425654270612275e-5,1.0120067544168092e-8
0.880538007621938,0.11943147810788546,3.050442725883084e-5,9.836611031895595e-9
0.8821853181105763,0.11778506212153234,2.9610205911233427e-5,9.561093952133019e-9
0.8838099195890667,0.1161613289141831,2.8742198549705008e-5,9.293293926955141e-9
0.8854121249345763,0.1145599663926079,2.78996367043002e-5,9.032994806034002e-9
0.8869922427007589,0.11298066673853116,2.7081774433794335e-5,8.77998649436142e-9
0.8885505772084904,0.11142312636272256,2.6287887664137698e-5,8.534064780994255e-9
0.8900874285878,0.1098870458409223,2.551727354856061e-5,8.295031174898843e-9
0.8916030928263334,0.1083721298537425,2.476924984462954e-5,8.062692744784816e-9
0.8930978618629087,0.10687808714435751,2.404315430879339e-5,7.8368619629633e-9
0.8945720235905048,0.10540463044349575,2.3338344114060678e-5,7.617356554642923e-9
0.8960258619577811,0.10395147643204668,2.2654195276231258e-5,7.40399934998627e-9
0.8974596570160289,0.10251834568418589,2.199010210463111e-5,7.196618141991915e-9
0.8988736849261365,0.10110496259779239,2.134547666423334e-5,6.9950455467206685e-9
0.9002682180809608,0.09971105536669267,2.071974825512857e-5,6.799118868773851e-9
0.9016435251104987,0.09833635591229342,2.011236290901667e-5,6.608679969745365e-9
0.9029998709520612,0.09698059983914273,1.9522782896670758e-5,6.42357514046224e-9
0.9043375168842608,0.09564352637896939,1.8950486252541544e-5,6.243654977081858e-9
0.9056567206092656,0.0943248783518027,1.8394966313275877e-5,6.068774260496472e-9
0.9069577362635708,0.09302440210414624,1.7855731268106295e-5,5.898791839120668e-9
0.9082408144920314,0.09174184746911627,1.7332303724402965e-5,5.73357051485583e-9
0.9095062024887837,0.09047696771641389,1.6824220283795714e-5,5.572976932411756e-9
0.9107541440451223,0.08922951950548319,1.6331031133573435e-5,5.416881471907582e-9
0.9119848795924463,0.08799926283797732,1.585229964666865e-5,5.265158143614405e-9
0.9131986462619491,0.08678596101620607,1.538760199661381e-5,5.1176844872498854e-9
0.9143956779037062,0.08558938059130503,1.4936526780867761e-5,4.974341472094166e-9
0.9155762051611105,0.08440929132229558,1.4498674656923302e-5,4.8350134015468105e-9
0.916740455498486,0.08324546613533404,1.4073657991356141e-5,4.699587819576982e-9
0.9178886532463897,0.08209768107543894,1.3661100512062063e-5,4.567955420276608e-9
0.9190210196459491,0.08096571526555699,1.3260636978547721e-5,4.4400099587714805e-9
0.9201377729006176,0.07984935086705178,1.287191285719407e-5,4.315648166477906e-9
0.9212391281852217,0.07874837302886645,1.249458400720287e-5,4.194769667199225e-9
0.92232529773376,0.07766256985969514,1.2128316377488142e-5,4.077276896147818e-9
0.9233964908540102,0.07659173238007372,1.1772785709147543e-5,3.9630750211088895e-9
0.9244529139831863,0.07553565448669361,1.1427677248996005e-5,3.852071866425905e-9
0.9254947706659611,0.07449413289655998,1.1092685470669062e-5,3.744177837883824e-9
0.9265222617011388,0.0734669671370987,1.0767513804936623e-5,3.63930585093855e-9
0.927535585088019,0.07245395948313343,1.0451874375717899e-5,3.5373712601555898e-9
0.9285349361282251,0.07145491493593997,1.0145487747677403e-5,3.438291790978971e-9
0.9295205073949169,0.07046964116832256,9.84808267587287e-6,3.3419874732889694e-9
0.9304924888422933,0.06949794850651721,9.559395867364116e-6,3.248380577045725e-9
0.931451067781305,0.06853964987848196,9.279171747447524e-6,3.15739554904565e-9
0.9323964289727171,0.06759456079241943,9.00716223386557e-6,3.0689589525124893e-9
0.9333287546009734,0.06666249928627005,8.743126517261864e-6,2.98299940760246e-9
0.9342482243544588,0.06574328590412021,8.486830847398591e-6,2.899447533505699e-9
0.9351550154551359,0.06483674366054326,8.238048325869664e-6,2.8182358932169973e-9
0.9360493026884334,0.0639426980056651,7.996558707128023e-6,2.739298938103015e-9
0.9369312583962885,0.06306097678244237,7.762148200337769e-6,2.6625729558768816e-9
0.9378010525818683,0.06219141021041025,7.5346092841917725e-6,2.587996018463856e-9
